010001
010005
010006
010007
010008
010011
010012
010016
010018
010019
010021
010022
010023
010024
010029
010032
010033
010034
010035
010036
010038
010039
010040
010044
010045
010046
010047
010049
010051
010052
010055
010056
010058
010059
010061
010062
010065
010069
010073
010078
010079
010083
010085
010086
010087
010089
010090
010091
010092
010095
010097
010099
010100
010101
010102
010103
010104
010108
010109
010110
010112
010113
010114
010118
010120
010125
010126
010128
010129
010130
010131
010138
010139
010144
010146
010148
010149
01014F
010150
010157
010158
010164
010168
010169
01019F
01021F
011300
011302
011304
011305
013301
020001
020006
020008
020012
020017
020018
020026
020027
021303
021306
021308
021309
021311
030001
030002
030006
030007
030010
030011
030012
030013
030014
030016
030022
030023
030024
030030
030033
030036
030037
030038
030043
030055
030061
030062
030064
030065
030068
030069
030071
030073
030074
030077
030078
030083
030084
030085
030087
030088
030089
030092
030093
030094
030101
030103
030105
030107
030108
030110
030111
030112
030113
030114
030115
030117
030118
030119
030120
030121
030122
030123
03012F
030130
030131
030132
030134
030136
030137
03013F
03033F
031300
031301
031302
031304
031305
031309
031311
031312
031313
031314
031315
031317
033302
040001
040002
040004
040007
040010
040011
040014
040015
040016
040017
040018
040019
040020
040022
040026
040027
040029
040036
040039
040041
040047
040050
040051
040055
040062
040067
040069
040071
040072
040074
040076
040078
040080
040084
040085
040088
04009F
04010F
040114
040118
040119
040132
040134
040137
040147
040152
040153
041300
041302
041303
041304
041305
041306
041307
041308
041309
041310
041311
041312
041313
041314
041316
041317
041318
041319
041320
041321
041322
041323
041324
041326
041327
041328
041329
041330
041331
043300
050002
050006
050007
050008
050009
050013
050014
050017
050018
050022
050024
050025
050026
050028
050030
050036
050038
050039
050040
050042
050043
050045
050047
050054
050055
050056
050057
050058
050060
050063
050067
050069
050070
050071
050072
050073
050075
050076
050077
050078
050082
050084
050089
050090
050091
050093
050096
050099
050100
050101
050102
050103
050104
050107
050108
050110
050112
050113
050115
050116
050118
050121
050122
050124
050125
050126
050127
050128
050129
050131
050132
050133
050135
050136
050137
050138
050139
050140
050145
050149
050150
050152
050153
050158
050159
050167
050168
050169
050174
050179
050180
050189
050191
050192
050194
050195
050196
050197
050204
050205
050211
050222
050224
050225
050226
050228
050230
050231
050232
050234
050235
050236
050238
050239
050242
050243
050245
050248
050254
050257
05025F
050261
050262
050272
050276
050278
050279
05027F
050280
050281
050283
050289
050290
050291
050292
050295
050296
050298
050300
050301
050305
050308
050309
05030F
050313
050315
05031F
050320
050324
050327
050329
050334
050335
050336
050342
050348
050350
050351
050352
050353
050357
050359
050360
050367
050373
050376
050378
050380
050382
050390
050393
050394
050396
050397
050407
050411
050414
050417
050423
050424
050425
050426
050434
050435
050438
050441
050444
050454
050455
050457
050464
050468
050471
050481
050485
050488
050492
050496
050498
050502
050503
050506
050510
050512
050515
050516
050517
050523
050526
050528
050534
050537
050541
050543
050547
050549
050551
050552
050557
050561
050567
050568
050570
050573
050575
050580
050581
050586
050588
050589
050590
050597
050599
050603
050604
050608
050609
050616
050624
050625
050633
050636
050641
050663
050668
050674
050677
050678
050684
050686
050688
050689
050690
050696
050697
050701
050704
050708
050709
050710
050714
050717
050723
050724
050726
050727
050732
050735
050736
050737
050738
050739
050740
050742
050744
050745
050746
050747
050748
050751
050754
050755
050757
050758
050760
050761
050763
050764
050765
050766
050767
050769
050770
050771
050772
050773
050775
050776
050777
050778
05114F
05127F
05128F
051300
051301
051302
051303
051304
051305
051306
051307
051308
051309
05130F
051310
051311
051312
051314
051315
051316
051317
051318
051319
051320
051321
051323
051324
051325
051326
051327
051328
051329
051330
051331
051332
051334
051335
053302
053305
053309
060001
060003
060004
060006
060008
060009
060010
060011
060012
060013
060014
060015
060016
060020
060022
060023
060024
060027
060028
060030
060031
060032
060034
060036
060043
060044
060049
060054
06005F
060064
060065
060071
060075
060076
06007F
060096
060100
060103
060104
060107
060112
060113
060114
060116
060117
060118
060119
060124
060125
060126
061300
061301
061302
061303
061304
061305
061306
061307
061308
061309
061310
061311
061312
061313
061314
061315
061316
061317
061318
061319
061320
061321
061322
061323
061324
061325
061326
061327
061328
063301
070002
070003
070004
070005
070006
070007
070008
070010
070011
070012
070016
070017
070018
070019
070020
070021
070022
070024
070025
070027
070028
070029
070031
070033
070034
070035
070036
070039
07003F
070040
073300
080001
080003
080004
080006
080007
080009
08002F
090001
090003
090004
090005
090006
090008
090011
09002F
093300
100001
100002
100006
100007
100008
100009
100012
100014
100017
100018
100019
100022
100023
100025
100026
100028
100029
100030
100032
100034
100035
100038
100039
100040
100043
100044
100045
100046
100047
100048
100049
100050
100051
100052
100053
100054
100055
100057
100062
100063
100067
100068
100069
100070
100071
100072
100073
100075
100077
100080
100081
100084
100086
100087
100088
100090
100092
100093
100099
10009F
100102
100105
100106
100107
100109
100110
100113
100117
100118
100121
100122
100124
100125
100126
100127
100128
100130
100131
100132
100134
100135
100137
100140
100142
100150
100151
100154
100156
100157
100161
100166
100167
100168
100173
100175
100176
100177
100179
100180
100181
100183
100187
100189
100191
100200
100204
100206
100209
100211
100212
100213
100217
100220
100223
100224
100226
100228
100230
100231
100232
100234
100236
100238
100240
100242
100243
100244
100246
100248
100249
100252
100253
100254
100255
100256
100258
100259
100260
100264
100265
100266
100267
100268
100269
100275
100276
100277
100281
100284
100285
100286
100287
100288
100289
100290
100291
100292
100296
100299
100302
100307
100313
100314
100315
100316
100319
100320
100321
100322
10057F
10063F
10064F
10065F
101300
101301
101302
101303
101304
101305
101307
101308
101309
101310
101311
101312
101313
110001
110002
110003
110004
110005
110006
110007
110008
110010
110011
110015
110016
110018
110023
110024
110025
110026
110027
110028
110029
110030
110031
110032
110034
110035
110036
110038
110039
110040
110041
110042
110043
110044
110045
110046
110050
110051
110054
110064
110069
110071
110073
110074
110075
110076
110078
110079
110082
110083
110086
110087
110089
110091
110092
110095
110100
110101
110104
110105
110107
110109
110111
110113
110115
110121
110122
110124
110125
110128
110129
110130
110132
110135
110142
110143
110146
110150
110153
110161
110164
110165
110168
110177
110184
110187
110189
110190
110191
110192
110194
110198
110200
110201
110205
110209
110215
110225
110226
110229
110230
110233
110234
11029F
11030F
11031F
111300
111302
111303
111304
111305
111306
111308
111310
111313
111314
111316
111318
111319
111320
111324
111325
111326
111327
111328
111329
111330
111331
111332
111333
111334
111335
111336
120001
120002
120004
120005
120006
120007
120011
120014
120019
120022
120026
120028
121300
121301
121303
121304
121306
121308
130002
130003
130006
130007
130013
130014
130018
130025
130028
13003F
130049
130063
130065
130066
130067
131301
131302
131303
131304
131305
131307
131308
131309
131310
131311
131312
131313
131314
131315
131316
131317
131318
131319
131320
131321
131322
131323
131324
131325
131326
131327
131328
140001
140002
140007
140008
140010
140011
140012
140013
140015
140018
140019
140026
140029
140030
140032
140033
140034
14003F
140040
140043
140046
140048
140049
14004F
140052
140053
140054
140058
140059
140062
140063
140064
140065
140067
140068
140077
14007F
140080
140082
140083
140084
140088
140089
14008F
140091
140093
140095
140100
140101
140103
140110
140113
140114
140115
140116
140117
140118
140119
140120
140122
140124
140125
140127
140130
140133
140135
140137
140143
140145
140147
140148
140150
140155
140158
140160
140161
140162
140164
140166
140167
140172
140174
140176
140177
140179
140180
140181
140182
140184
140185
140186
140187
140189
140191
140197
140200
140202
140206
140208
140209
140210
140211
140213
140217
140223
140224
140228
140231
140233
140234
140239
140240
140242
140250
140251
140252
140258
140275
140276
140280
140281
140286
140288
140289
140290
140291
140292
140294
140300
140304
14034F
141300
141301
141302
141303
141304
141305
141306
141307
141308
141309
141310
141311
141312
141313
141315
141316
141317
141318
141319
141320
141321
141322
141323
141324
141325
141326
141327
141328
141329
141330
141331
141332
141333
141334
141335
141336
141337
141338
141339
141340
141341
141342
141343
141344
141345
141346
141347
141348
141349
141350
141351
150001
150002
150004
150005
150006
150007
150008
150009
150010
150011
150012
150015
150017
150018
150021
150022
150023
150024
150026
150030
150034
150035
150037
150038
15003F
150042
150044
150045
150046
150047
150048
15004F
150051
150056
150057
150058
150059
150061
150064
150065
150069
150072
150074
150075
150076
150082
150084
150086
150088
150089
150090
150091
150097
150100
150101
150102
150104
150109
150112
150113
150115
150125
150126
150128
150129
150133
150146
150149
150150
150153
150157
150158
150160
150161
150162
150164
150165
150166
150167
150168
150169
150172
150173
150175
150176
150177
150179
150181
150182
151300
151301
151302
151303
151304
151305
151306
151307
151308
151309
151310
151311
151312
151313
151314
151315
151316
151317
151318
151319
151320
151322
151323
151324
151325
151326
151327
151328
151329
151330
151331
151332
151333
151334
151335
160001
160005
160008
160013
160016
160024
160028
160029
160030
160032
160033
16003F
160040
160045
160047
16004F
160057
160058
160064
160067
160069
160079
160080
160082
160083
160089
160101
160104
160110
160112
160117
160122
160124
160146
160147
160153
161300
161301
161302
161303
161304
161305
161306
161307
161308
161309
161310
161311
161312
161313
161314
161315
161316
161317
161318
161319
161320
161321
161322
161323
161324
161325
161326
161327
161328
161329
161330
161331
161332
161333
161334
161335
161336
161337
161338
161339
161340
161341
161342
161343
161344
161345
161346
161347
161348
161349
161350
161351
161352
161353
161354
161355
161356
161357
161358
161359
161360
161361
161362
161363
161364
161365
161366
161367
161368
161369
161370
161371
161372
161373
161374
161375
161376
161377
161378
161379
161380
161381
170006
170009
170010
170012
170013
170014
170016
170017
170020
170023
170027
170039
170040
170049
170058
170068
17006F
170074
170075
170086
17008F
170094
170103
170104
170105
170109
170110
170120
170122
170123
170133
170137
170142
170145
170146
170150
170166
170175
170176
170182
170183
170185
170186
170187
170188
170190
170191
170194
170196
170197
170198
170199
170200
170203
171300
171301
171302
171304
171306
171307
171308
171310
171311
171312
171313
171314
171315
171316
171317
171318
171319
171320
171321
171322
171323
171324
171325
171327
171328
171330
171331
171333
171334
171335
171336
171337
171338
171339
171340
171341
171342
171343
171344
171345
171346
171347
171348
171349
171350
171351
171352
171353
171354
171355
171356
171357
171358
171359
171360
171361
171362
171363
171364
171365
171366
171367
171368
171369
171370
171371
171372
171373
171374
171375
171376
171377
171378
171379
171380
171381
171382
171383
171384
173300
180001
180002
180004
180005
180009
180010
180011
180012
180013
180016
180017
180018
180019
180020
180021
180024
180025
180027
180029
180035
180036
180038
180040
180043
180044
180045
180046
180048
180049
180050
180051
180053
180056
180064
180066
180067
180069
18006F
180070
180078
180079
18007F
180080
180087
180088
180092
180093
180095
180101
180102
180103
180104
180105
180106
180115
180116
180117
180124
180127
180128
180130
180132
180138
180139
180141
180143
180149
181301
181302
181304
181305
181306
181307
181308
181309
181310
181311
181312
181314
181315
181316
181317
181318
181319
181320
181321
181322
181323
181324
181325
181327
181328
181329
181330
181331
190002
190003
190004
190005
190006
190007
190008
190011
190013
190014
190015
190017
190019
190020
190025
190026
190027
190034
190036
190039
190040
190041
190044
190045
190046
190050
190053
190054
190060
190064
190065
190079
190081
190086
190088
190090
190098
190099
190102
190106
190111
190114
190116
190118
190125
190128
190133
190140
190144
190145
190146
190151
190160
190164
190167
190176
190177
190183
190184
190190
190199
190201
190202
190204
190205
190208
190218
190236
190241
190242
190245
190246
190250
190251
190255
190256
190259
190261
190263
190266
190267
190268
190270
190274
190278
190297
190298
190303
190304
190307
190308
190312
190313
19043F
19048F
191300
191301
191302
191303
191304
191305
191306
191309
191310
191312
191313
191315
191316
191317
191318
191319
191320
191321
191322
191323
191324
191325
191326
200001
200008
200009
200018
200019
200020
200021
200024
200031
200033
200034
200037
200039
20003F
200041
200050
200052
200063
201300
201301
201302
201303
201304
201305
201306
201307
201308
201309
201310
201311
201312
201313
201314
201315
210001
210002
210003
210004
210005
210006
210008
210009
210011
210012
210013
210015
210016
210017
210018
210019
210022
210023
210024
210027
210028
210029
210030
210032
210033
210034
210035
210037
210038
210039
210040
210043
210044
210045
210048
210049
210051
210055
210056
210057
210058
210060
210061
210062
210063
210064
210065
21020F
220001
220002
220008
220010
220011
220012
220015
220016
220017
220019
22001F
220020
220024
220029
220030
220031
220033
220035
220036
220046
220049
220050
220052
220058
220060
220062
220063
220065
220066
220070
220071
220073
220074
220075
220077
220080
220083
220084
220086
220088
220090
220095
220098
22009F
220100
220101
220105
220108
22010F
220110
220111
220116
220119
220126
220135
220163
220171
220175
220176
220177
221300
221302
221303
223302
230002
230003
230004
230005
230013
230015
230017
230019
230020
230021
230022
230024
230029
230030
230031
230035
230036
230037
230038
230040
230041
230046
230047
230053
230054
230055
230058
230059
23005F
230066
230069
230070
230071
230072
230075
230077
230078
230080
230081
230085
230089
230092
230093
230095
230096
230097
230099
23009F
230100
230104
230105
230108
230110
230117
230118
23011F
230121
23012F
230130
230132
230133
230141
230142
230144
230146
230151
230156
230165
230167
230174
230176
230180
230193
230195
230197
230207
230208
230216
230217
230222
230227
230230
230236
230239
230241
230244
230254
230259
230264
230269
230270
230273
230275
230277
230279
230297
230301
230302
230303
23037F
231300
231301
231303
231304
231305
231306
231307
231308
231309
231310
231311
231312
231313
231314
231315
231316
231317
231318
231319
231320
231321
231322
231323
231324
231325
231326
231327
231328
231329
231330
231331
231332
231333
231334
231337
231338
233300
240001
240002
240004
240006
240010
240014
240018
240019
240020
240022
24002F
240030
240036
240038
24003F
240040
240043
240044
240047
240050
240052
240053
240056
240057
240059
240063
240064
240066
240069
240071
240075
240076
240078
240080
240084
240088
240093
240100
240101
240104
240106
240115
240132
240141
240166
240187
240196
240206
240207
240210
240213
240214
241300
241301
241302
241303
241304
241305
241306
241308
241309
241311
241312
241313
241314
241315
241316
241317
241318
241319
241320
241321
241322
241323
241325
241326
241327
241328
241329
241330
241331
241332
241333
241334
241335
241336
241337
241338
241339
241340
241341
241342
241343
241344
241345
241346
241347
241348
241349
241350
241351
241352
241353
241354
241355
241356
241357
241358
241359
241360
241361
241362
241363
241364
241365
241366
241367
241368
241369
241370
241371
241372
241373
241374
241375
241376
241377
241378
241379
241380
241381
243302
250001
250002
250004
250006
250007
250009
250010
250012
250017
250018
250019
250020
250025
250027
250031
250034
250036
250038
250040
250042
250043
250044
250048
250049
250050
250057
250058
250060
250061
250067
250069
250072
250077
250078
250079
250081
250082
250084
250085
250093
250094
250095
250096
250097
250099
250100
250102
250104
250117
250122
250123
250124
250126
250127
250128
250134
250136
250138
250141
250151
250152
250162
250163
250167
250168
25042F
25043F
251300
251302
251303
251304
251305
251306
251308
251309
251312
251313
251314
251315
251316
251317
251318
251319
251320
251322
251323
251324
251325
251326
251327
251329
251330
251331
251332
251333
251334
251335
251336
260001
260004
260005
260006
260009
260011
260015
260017
260020
260022
260023
260024
260025
260027
260032
260034
260040
260047
260048
26004F
260050
260052
260057
260059
260061
260062
260064
260065
260068
260070
260074
260077
260078
26007F
260080
260081
260085
260091
260094
260095
260096
260097
26009F
260102
260104
260105
260108
260110
260113
260116
260119
260137
260138
260141
260142
260160
260162
260163
260175
260176
260177
260179
260180
260183
260186
260190
260191
260193
260195
260200
260207
260209
260210
260214
260216
260219
260227
260229
26023F
261303
261305
261306
261307
261308
261309
261310
261311
261312
261314
261316
261317
261318
261319
261320
261321
261323
261324
261325
261327
261328
261329
261330
261332
261333
261334
261335
261337
261338
263302
270003
270004
270012
270014
270017
270023
270032
27003F
270049
270051
270057
270074
270086
270087
271300
271302
271303
271304
271305
271306
271307
271308
271309
271310
271311
271312
271313
271316
271317
271318
271319
271320
271321
271322
271323
271324
271325
271326
271327
271328
271330
271331
271332
271333
271334
271335
271336
271337
271338
271339
271340
271341
271342
271343
271344
271345
271346
271347
280003
280009
280013
280020
280023
280030
280032
280040
280060
280061
280065
28006F
280077
280081
280105
280111
280125
280127
280128
280129
280130
280131
280132
280133
280134
281300
281301
281302
281303
281304
281305
281306
281307
281308
281309
281310
281311
281312
281313
281314
281315
281316
281318
281319
281320
281321
281322
281323
281324
281325
281326
281327
281328
281329
281330
281331
281332
281333
281334
281335
281336
281338
281339
281340
281341
281342
281343
281344
281345
281346
281347
281348
281349
281350
281351
281352
281353
281354
281355
281356
281357
281358
281359
281360
281361
281362
281363
281364
281365
283301
290001
290002
290003
290005
290006
290007
290008
290009
290012
290019
290020
290021
290022
29002F
290032
290039
290041
290045
290046
290047
290049
290051
290053
290054
291300
291301
291302
291303
291304
291306
291307
291308
291309
291311
291312
300001
300003
300005
300011
300012
300014
300017
300018
300019
300020
300023
300029
300034
301300
301301
301302
301303
301304
301305
301306
301307
301308
301309
301310
301311
301312
310001
310002
310003
310005
310006
310008
310009
310010
310011
310012
310014
310015
310016
310017
310019
31001F
310021
310022
310024
310025
310027
310028
310029
310031
310032
310034
310038
310039
310040
310041
310044
310045
310047
310048
310050
310051
310052
310054
310057
310058
310060
310061
310064
310069
310070
310073
310074
310075
310076
310081
310083
310084
310086
310091
310092
310096
310108
310110
310111
310112
310113
310115
310118
310119
310130
320001
320002
320003
320004
320005
320006
320009
320011
320013
320016
320017
320018
320021
320022
320030
320033
320038
320057
320058
320059
32005F
320060
320061
320062
320063
320065
320067
320070
320074
320084
320085
320086
320089
321300
321301
321302
321304
321305
321306
321307
321308
321309
330003
330004
330005
330006
330008
330009
330011
330013
330014
330019
330023
330024
330027
330028
330030
330033
330043
330044
330045
330046
330047
330049
330055
330056
330057
330058
330059
330061
330065
330073
330074
330078
330079
330080
330084
330085
330086
330088
330090
330094
330096
33009F
330100
330101
330102
330103
330104
330106
330107
330108
330111
330115
330119
33011F
330125
330126
330127
330128
33012F
330132
330135
330136
33013F
330140
330141
330144
330151
330153
330157
330158
33015F
330160
330162
330163
330164
330166
330167
330169
33016F
330175
33017F
330180
330181
330182
330184
330185
330188
330191
330193
330194
330195
330196
330197
330198
330199
33019F
330201
330202
330203
330204
330205
330208
330211
330214
330215
330218
330219
330221
330222
330223
330224
330226
330229
330231
330232
330233
330234
330235
330236
330238
330239
330240
330241
330245
330246
33024F
330250
330259
330261
330264
330265
330267
330268
330270
330273
330276
330277
330279
330285
330286
330304
330306
330307
330331
330332
330340
330350
330353
330372
330385
330386
330393
330394
330395
330396
330397
330399
330401
330403
330404
330405
330406
331301
331302
331303
331304
331305
331306
331307
331309
331310
331311
331312
331313
331314
331315
331316
331317
331318
331319
340001
340002
340003
340004
340008
340010
340013
340014
340015
340016
340017
340020
340021
340023
340024
340027
340028
340030
340032
340036
340037
340039
340040
340041
340042
340047
340049
340050
340051
340053
340060
340061
340064
340068
340069
340070
340071
340073
340075
340084
340085
340087
340090
340091
340096
340097
340098
340099
340106
340107
340109
340113
340114
340115
340116
340119
340120
340123
340126
340127
340129
34012F
340130
340131
340132
340133
34013F
340141
340142
340143
340144
340145
340147
340148
340151
340155
340156
340158
340159
340166
340171
340173
34017F
340183
340184
340186
340187
340188
34036F
341302
341303
341304
341305
341307
341311
341314
341315
341316
341317
341318
341319
341320
341322
341323
341324
341325
341326
341327
341328
341329
350002
350006
350011
350015
350019
35002F
350063
350064
350070
351300
351301
351302
351303
351304
351305
351306
351307
351308
351309
351310
351311
351312
351313
351314
351315
351316
351318
351319
351320
351321
351322
351323
351324
351325
351326
351327
351328
351329
351330
351331
351332
351333
351334
351335
351336
360001
360002
360003
360006
360008
360009
360010
360011
360012
360013
360014
360016
360017
360019
36001F
360020
360025
360026
360027
360029
360032
360035
360036
360037
360039
36003F
360040
360041
360044
360046
360048
360051
360052
360054
360055
360056
360058
360059
360064
360065
360066
360068
360070
360071
360072
360074
360075
360076
360077
360078
360079
36007F
360080
360081
360082
360084
360085
360086
360087
360089
36008F
360090
360091
360092
360095
360096
360098
360107
360109
360112
360118
360121
360123
360125
360131
360132
360133
360134
360137
360141
360143
360144
360145
360147
360148
360150
360151
360152
360153
360155
360156
360159
360161
360163
360170
360172
360174
360175
360179
360180
360185
360189
360192
360197
360203
360210
360211
360212
360218
360230
360234
360236
360239
360241
360245
360259
360261
360262
360263
360266
360270
360274
360276
360348
360351
360352
360354
360355
360358
360359
360360
360361
360362
361300
361301
361302
361303
361304
361306
361307
361308
361309
361310
361311
361312
361313
361314
361315
361316
361318
361319
361320
361321
361322
361323
361324
361325
361326
361327
361328
361329
361330
361331
361332
361333
361334
370001
370002
370004
370006
370007
370008
370011
370013
370014
370015
370016
370018
370019
370020
370022
370023
370025
370026
370028
370029
370030
370032
370034
370036
370037
370039
370040
370041
370047
370048
370049
370051
370054
370056
370057
370065
370072
370078
370080
370083
370089
370091
370093
370094
370097
370099
370100
370103
370106
370112
370113
370114
37012F
370138
370139
370149
37014F
370153
370156
370158
370166
370169
370170
370171
370172
370173
370178
370180
370183
370190
370192
370199
370201
370202
370203
370206
370210
370211
370212
370214
370215
370216
370218
370220
370222
370225
370227
370228
370229
370233
370234
370235
370236
371300
371301
371302
371303
371304
371305
371306
371307
371309
371310
371311
371312
371313
371314
371316
371317
371318
371319
371320
371321
371322
371323
371324
371325
371326
371327
371328
371329
371330
371331
371332
371333
371334
371335
380001
380002
380004
380005
380007
380009
380014
380017
380018
380020
380021
380022
380025
380027
380029
380033
380037
380038
38003F
380040
380047
38004F
380050
380051
380052
380056
380060
380061
380071
380075
380082
380089
380090
380091
380102
380103
381301
381302
381303
381304
381305
381306
381307
381308
381309
381310
381311
381312
381313
381314
381315
381316
381317
381318
381319
381320
381321
381322
381323
381324
381325
390001
390002
390003
390004
390006
390008
390009
390012
390013
390016
390019
39001F
390025
390026
390027
390028
390030
390031
390032
390035
390036
390037
390039
390041
390042
390043
390044
390045
390046
390048
390049
39004F
390050
390052
390056
390057
390058
39005F
390061
390062
390063
390065
390066
390067
390068
39006F
390070
390071
390072
390073
390076
390079
390080
390081
390084
390086
390090
390091
390093
390096
390097
39009F
390100
390101
390102
390104
390107
390110
390111
390112
390113
390114
390115
390116
390117
390118
390119
390123
390125
390127
39012F
390130
390132
390133
390137
390138
390139
39013F
390142
390145
390146
390147
390150
390151
390153
390154
390156
390157
390160
390162
390163
390164
390168
390173
390174
390178
390179
390180
390183
390184
390185
390192
390194
390195
390197
390198
390199
390201
390203
390204
390211
390217
390219
390220
390222
390223
390225
390226
390228
390231
390233
390236
390237
390256
390258
390263
390265
390266
390267
390268
390270
390272
390278
390290
390302
390304
390307
390312
390314
390316
390321
390322
390323
390324
390325
390326
390327
390328
390329
391300
391301
391302
391303
391304
391305
391306
391307
391308
391309
391312
391313
391314
393302
393303
400001
400003
400004
400005
400006
400007
400009
400010
400011
400012
400013
400014
400015
400016
400018
400019
400021
400022
400026
400032
40003F
400044
400048
400061
400079
400087
400098
400102
400103
400104
400105
400106
400109
400110
400111
400112
400113
400114
400115
400117
400118
400120
400121
400123
400124
400125
400126
400127
400128
400130
410001
410004
410005
410006
410007
410008
410009
410010
410011
410012
410013
41005F
420002
420004
420005
420007
420009
420010
420011
420015
420016
420018
420019
420020
420023
420026
420027
420030
420033
420036
420037
420038
420039
420043
420048
420049
420051
420053
420054
420055
420057
420065
420066
420067
420068
420069
420070
420071
420072
420073
420078
420079
420080
420082
420083
420085
420086
420087
420089
420091
420098
420101
420102
420103
420104
420105
420106
420107
42011F
42029F
421300
421301
421302
421303
421304
430005
430008
430012
430013
430014
430015
430016
430027
43002F
430048
43005F
430077
430082
430083
430084
430089
430090
430091
430092
430093
430095
430096
430097
431300
431306
431307
431308
431309
431310
431311
431312
431315
431316
431317
431318
431320
431321
431322
431323
431324
431325
431326
431327
431329
431330
431331
431332
431333
431334
431335
431336
431337
431338
440001
440002
440003
440006
440007
440008
440009
440010
440011
440012
440015
440016
440017
440018
440020
440025
440029
440030
440031
440032
440033
440034
440035
440039
440040
440046
440048
440049
440050
440051
440053
440056
440057
440058
440059
440060
440061
440063
440065
440067
440068
440070
440072
440073
440081
440082
440083
440084
440091
440102
440104
440109
440110
440111
440120
440125
440130
440131
440132
440133
440137
44013F
440141
440144
440147
440148
440150
440151
440152
440153
440156
440159
440161
44016F
440173
440175
440176
440180
440181
440182
440183
440184
440185
440187
440189
44018F
440192
440193
440194
440197
440200
440218
440227
440228
440231
440232
441300
441301
441303
441304
441305
441307
441308
441309
441310
441311
441313
441314
441315
441316
441318
450002
450005
450007
450010
450011
450015
450018
450021
450023
450024
450028
450029
450032
450033
450034
450035
450037
450039
450040
450042
450044
450046
450051
450052
450054
450055
450056
450058
450064
450068
450072
450078
450079
450080
450082
450083
450085
450087
450090
450092
450097
450099
450101
450102
450104
450107
450108
450119
450124
450128
450130
450132
450133
450135
450137
450143
450144
450147
450148
450152
450154
450155
450162
450163
450165
450176
450177
450178
450184
450187
450192
450193
450194
450196
450200
450203
450209
450210
450211
450213
450214
450219
450221
450222
450229
450231
450235
450236
450237
450241
450243
450253
450271
450272
450280
450289
450292
450293
450299
450306
450324
450330
450340
450346
450347
450348
450351
450352
450358
450369
450370
450372
450379
450388
450389
450395
450399
450400
450403
450411
450419
450422
450424
450431
450447
450451
450460
450462
450465
450469
450475
450484
450488
450489
450497
450498
450508
450518
450537
450539
450558
450563
450565
450571
450573
450578
450580
450584
450586
450587
450596
450597
450604
450605
45060F
450610
450617
450620
450634
450638
450639
45063F
450641
450643
450644
450647
450651
450653
450654
450656
450658
450659
450661
450662
450668
450669
45066F
450670
450672
450674
450675
450677
450678
450684
450686
450688
450690
450694
450697
450698
450702
450709
450711
450713
450716
450718
450723
450730
450742
450743
450746
450747
450749
45074F
450754
450755
450766
450771
450774
450775
450779
450780
450788
450796
450797
450801
450803
450804
450808
450809
450820
450822
450825
450827
450828
450831
450833
450834
450840
450844
450845
450847
450848
450851
450853
450855
450856
450860
450862
450864
450865
450867
450869
45086F
450871
450872
450874
450875
450876
450877
450880
450883
450885
450888
450889
450890
450891
450893
450894
45090F
451301
451303
451305
451307
451308
451309
451310
451311
451313
451315
451316
451319
451320
451321
451322
451323
451326
451330
451331
451333
451334
451337
451338
451341
451342
451343
451344
451346
451347
451349
451350
451351
451353
451354
451355
451356
451357
451361
451362
451363
451364
451365
451366
451367
451369
451370
451371
451372
451373
451374
451376
451377
451378
451379
451380
453300
453301
453310
460001
460003
460004
460005
460006
460007
460009
460010
460011
460013
460014
460015
460017
460019
460021
460023
460026
46002F
460030
460033
460035
460039
460041
460042
460043
460044
460047
460049
460051
460052
460054
460057
460058
460060
461300
461301
461302
461303
461304
461305
461306
461307
461308
461309
461310
463301
470001
470003
470005
470011
470012
47001F
470024
471300
471301
471302
471303
471304
471305
471306
471307
490001
490002
490004
490005
490007
490009
490011
490013
490017
490018
490019
490020
490021
490022
490023
490024
490032
490033
490037
490038
490040
490041
490042
490043
490044
490045
490046
490048
490050
490052
490053
490057
490059
490060
490063
490066
490067
490069
49006F
490075
490077
490079
490084
490088
490089
490090
490092
490093
490094
490097
490098
490101
490107
49010F
490110
490111
490112
490113
490114
490115
490116
490117
490118
490119
49011F
490120
490122
490123
490126
490127
490130
490136
490140
490141
490143
490144
491300
491302
491303
491304
491305
491306
491307
500001
500002
500003
500005
500007
500008
500011
500012
500014
500015
500016
500019
500021
500024
500025
500026
500027
500030
500031
500033
500036
500037
500039
500041
500044
500049
500050
500051
500052
500053
500054
500058
500060
500064
500072
500077
500079
500084
500088
500108
500119
50011F
500124
500129
500139
50013F
500141
500148
500150
500151
500152
50030F
501301
501302
501303
501304
501305
501307
501308
501309
501310
501311
501312
501313
501314
501315
501316
501317
501318
501319
501320
501321
501322
501323
501324
501325
501326
501327
501328
501329
501330
501331
501332
501333
501334
501335
501336
501337
501338
501339
501340
503300
510001
510002
510006
510007
510008
510012
510013
510022
510023
510024
510029
51002F
510030
510031
510038
510039
51003F
510046
510047
510048
51004F
510050
510055
510058
51005F
510062
510070
510071
510072
510077
510082
510086
511300
511301
511303
511304
511306
511307
511308
511309
511310
511311
511312
511313
511314
511315
511316
511317
511318
511319
511320
511321
520002
520004
520008
520009
520011
520013
520017
520019
520021
520027
520028
52002F
520030
520033
520034
520035
520037
520038
52003F
520041
520044
520045
520048
520049
52004F
520051
520057
520059
520062
520063
520066
520070
520071
520075
520076
520078
520083
520087
520088
520089
520091
520095
520096
520097
520098
520100
520102
520103
520107
520109
520113
520116
520136
520138
520139
520160
520177
520189
520193
520194
520195
520196
520198
520202
520204
520205
520206
520207
520208
521300
521302
521303
521304
521305
521307
521308
521309
521310
521311
521312
521313
521314
521315
521316
521317
521318
521319
521320
521321
521322
521323
521324
521325
521326
521327
521328
521329
521330
521331
521332
521333
521334
521335
521336
521337
521338
521339
521340
521341
521342
521343
521344
521345
521346
521347
521348
521349
521350
521351
521352
521353
521354
521355
521356
521357
521358
521359
530002
530006
530008
530011
530012
530014
530015
530025
530032
530033
53004F
53005F
531301
531302
531303
531304
531305
531306
531307
531308
531309
531310
531311
531312
531313
531314
531315
531316
670004
670005
670006
670008
670010
670019
670021
670023
670024
670025
670031
670034
670041
670043
670044
670045
670046
670047
670049
670050
670053
670054
670055
670056
670058
670059
670060
670061
670062
670067
670068
670069
670071
670073
670075
670076
670077
670078
670079
670080
670082
670083
670085
670087
670088
670089
670090
670092
670093
670094
670095
670096
670097
670098
670103
670106
670107
020024
021301
021302
021304
021305
021307
021312
021313
430081
480001
480002
640001
650001
660001
